#DataThief D:\Flu-HAI-CoP-Curves\references\reference_figs\coudeville_curve.png Wednesday 10-May-2023 4:52:30 PM
0.4285, 0.0352
0.8207, 0.0352
1.2129, 0.0352
1.6318, 0.0375
1.6585, 0.0397
2.0508, 0.0397
2.0776, 0.0419
2.4698, 0.0419
2.8887, 0.0441
2.9155, 0.0463
2.5232, 0.0463
2.1311, 0.0463
1.7657, 0.0485
1.3735, 0.0485
1.4003, 0.0507
1.4271, 0.0529
1.846, 0.0551
1.8728, 0.0573
1.8996, 0.0594
1.9264, 0.0617
2.3454, 0.0639
2.3721, 0.0661
2.3989, 0.0683
2.4257, 0.0705
2.8447, 0.0727
2.8715, 0.0749
2.8982, 0.0771
2.925, 0.0793
3.3439, 0.0815
3.3708, 0.0836
3.3976, 0.0859
3.4243, 0.0881
3.4511, 0.0903
3.4779, 0.0925
3.5047, 0.0947
3.9236, 0.0969
3.9504, 0.0991
3.9771, 0.1014
4.004, 0.1036
4.0308, 0.1058
4.0575, 0.108
4.0843, 0.1102
4.5032, 0.1124
4.5301, 0.1146
4.5569, 0.1168
4.5836, 0.119
5.0026, 0.1212
5.0294, 0.1234
5.0562, 0.1256
5.0829, 0.1278
5.1097, 0.13
5.1365, 0.1322
5.5554, 0.1344
5.5823, 0.1366
5.609, 0.1388
5.6358, 0.141
5.6625, 0.1432
5.6894, 0.1454
5.7162, 0.1476
6.1351, 0.1498
6.1619, 0.152
6.1887, 0.1542
6.2155, 0.1564
6.2422, 0.1586
6.269, 0.1608
6.2958, 0.163
6.3226, 0.1652
6.7416, 0.1675
6.7683, 0.1697
6.7951, 0.1719
6.8218, 0.1741
6.8487, 0.1763
6.8755, 0.1785
6.9022, 0.1807
6.929, 0.1829
6.9558, 0.1851
7.3748, 0.1873
7.4015, 0.1895
7.4283, 0.1917
7.4551, 0.1939
7.4819, 0.1961
7.9009, 0.1983
7.9276, 0.2005
7.9544, 0.2027
7.9811, 0.2049
8.008, 0.2071
8.4269, 0.2093
8.4537, 0.2115
8.4805, 0.2137
8.5072, 0.2159
8.5341, 0.2181
8.9529, 0.2203
8.9798, 0.2225
9.0066, 0.2247
9.0334, 0.2269
9.0602, 0.2291
9.4791, 0.2313
9.5059, 0.2335
9.5327, 0.2358
9.5594, 0.238
9.5862, 0.2402
9.613, 0.2424
10.032, 0.2446
10.0588, 0.2468
10.0856, 0.249
10.1123, 0.2511
10.1391, 0.2534
10.1659, 0.2556
10.1927, 0.2578
10.6116, 0.26
10.6383, 0.2622
10.6652, 0.2644
10.692, 0.2666
10.7187, 0.2688
10.7455, 0.271
10.7723, 0.2732
11.1913, 0.2753
11.2181, 0.2776
11.2448, 0.2798
11.2716, 0.282
11.2984, 0.2842
11.3252, 0.2864
11.3519, 0.2886
11.7709, 0.2908
11.7976, 0.293
11.8245, 0.2952
11.8513, 0.2974
11.878, 0.2995
11.9048, 0.3018
12.3237, 0.3041
12.3506, 0.3063
12.3774, 0.3085
12.4041, 0.3107
12.4309, 0.3129
12.4577, 0.3151
12.8767, 0.3173
12.9035, 0.3195
12.9302, 0.3216
12.9569, 0.3239
12.9838, 0.3261
13.0106, 0.3283
13.4295, 0.3305
13.4563, 0.3327
13.483, 0.3349
13.5099, 0.3371
13.9289, 0.3393
13.9556, 0.3415
13.9824, 0.3437
14.0092, 0.3458
14.036, 0.3481
14.0628, 0.3503
14.4817, 0.3525
14.5085, 0.3547
14.5352, 0.3569
14.5621, 0.3591
14.9809, 0.3613
15.0078, 0.3635
15.0346, 0.3657
15.0614, 0.3679
15.4803, 0.3702
15.507, 0.3724
15.5339, 0.3746
15.5607, 0.3768
15.9797, 0.379
16.0064, 0.3812
16.0332, 0.3834
16.06, 0.3856
16.479, 0.3878
16.5057, 0.39
16.5325, 0.3921
16.5593, 0.3944
16.9783, 0.3966
17.0051, 0.3988
17.0318, 0.401
17.0586, 0.4032
17.0854, 0.4054
17.5044, 0.4076
17.5311, 0.4098
17.5579, 0.412
17.5847, 0.4142
18.0037, 0.4163
18.0305, 0.4186
18.0572, 0.4208
18.084, 0.423
18.503, 0.4252
18.5298, 0.4274
18.5565, 0.4297
18.5833, 0.4319
19.0023, 0.4341
19.0291, 0.4363
19.0559, 0.4385
19.0826, 0.4407
19.5016, 0.4429
19.5284, 0.4451
19.5552, 0.4473
19.5819, 0.4495
20.0009, 0.4517
20.0277, 0.4539
20.0545, 0.4561
20.0813, 0.4583
20.5002, 0.4605
20.527, 0.4627
20.5537, 0.4649
20.5806, 0.4671
20.9995, 0.4693
21.0263, 0.4715
21.0531, 0.4737
21.0799, 0.4759
21.4989, 0.4781
21.5255, 0.4803
21.5524, 0.4825
21.5792, 0.4847
21.9982, 0.4868
22.0249, 0.4891
22.0517, 0.4914
22.0785, 0.4936
22.4975, 0.4958
22.5243, 0.498
22.551, 0.5002
22.97, 0.5024
22.9968, 0.5046
23.0236, 0.5068
23.4425, 0.509
23.4693, 0.5112
23.4961, 0.5133
23.5229, 0.5156
23.9418, 0.5178
23.9686, 0.52
23.9954, 0.5222
24.4144, 0.5244
24.4412, 0.5266
24.4679, 0.5288
24.8869, 0.531
24.9137, 0.5332
24.9405, 0.5354
24.9672, 0.5375
25.3862, 0.5398
25.413, 0.542
25.4398, 0.5442
25.8587, 0.5464
25.8855, 0.5486
25.9123, 0.5509
26.3313, 0.5531
26.358, 0.5553
26.3848, 0.5575
26.4116, 0.5596
26.8306, 0.5619
26.8574, 0.5641
26.8841, 0.5663
27.3031, 0.5685
27.3299, 0.5707
27.7489, 0.5729
27.7757, 0.5751
28.1945, 0.5773
28.2214, 0.5795
28.2482, 0.5817
28.6672, 0.5838
28.6939, 0.5861
29.1129, 0.5883
29.1397, 0.5905
29.5587, 0.5927
29.5854, 0.5949
30.0044, 0.5971
30.0312, 0.5993
30.058, 0.6015
30.4769, 0.6037
30.5037, 0.6059
30.9226, 0.6082
30.9495, 0.6104
31.3684, 0.6126
31.3952, 0.6148
31.8142, 0.617
31.841, 0.6192
31.8677, 0.6214
32.2867, 0.6236
32.3135, 0.6258
32.7325, 0.628
32.7593, 0.6301
33.1782, 0.6324
33.205, 0.6346
33.624, 0.6368
33.6508, 0.639
33.6775, 0.6412
34.0965, 0.6434
34.1233, 0.6456
34.5423, 0.6478
34.9612, 0.65
34.988, 0.6522
35.407, 0.6543
35.4338, 0.6566
35.8527, 0.6589
36.2717, 0.6611
36.2985, 0.6633
36.7175, 0.6655
36.7442, 0.6677
37.1632, 0.6699
37.5822, 0.6721
37.609, 0.6743
38.0279, 0.6764
38.0547, 0.6787
38.4737, 0.6808
38.5005, 0.6831
38.9194, 0.6853
39.3384, 0.6875
39.3652, 0.6897
39.7842, 0.6919
39.8109, 0.6941
40.2299, 0.6963
40.6489, 0.6985
40.6757, 0.7006
41.0946, 0.7029
41.1214, 0.705
41.5404, 0.7074
41.9593, 0.7096
41.9861, 0.7118
42.4051, 0.714
42.8241, 0.7162
43.2429, 0.7184
43.662, 0.7206
43.6888, 0.7227
44.1078, 0.725
44.5267, 0.7271
44.9457, 0.7294
45.3647, 0.7316
45.7835, 0.7338
46.2026, 0.736
46.2294, 0.7382
46.6484, 0.7404
47.0673, 0.7426
47.4863, 0.7448
47.9053, 0.7469
48.3243, 0.7492
48.7431, 0.7515
48.77, 0.7537
49.189, 0.7559
49.608, 0.7581
50.0269, 0.7603
50.4459, 0.7625
50.8649, 0.7647
51.2838, 0.7669
51.7027, 0.7691
51.7296, 0.7713
52.1486, 0.7734
52.5675, 0.7757
52.9597, 0.7757
53.3519, 0.7757
53.3787, 0.7779
53.7709, 0.7779
53.7976, 0.7801
54.1899, 0.7801
54.2166, 0.7823
54.6088, 0.7823
55.001, 0.7823
55.3932, 0.7823
55.7854, 0.7823
56.2044, 0.7846
56.6233, 0.7868
57.0423, 0.789
57.4344, 0.789
57.8535, 0.7912
58.2725, 0.7934
58.6914, 0.7955
59.0836, 0.7955
59.5026, 0.7978
59.9216, 0.8
60.3405, 0.8022
60.7327, 0.8022
61.1517, 0.8044
61.5707, 0.8066
61.9896, 0.8088
62.3818, 0.8088
62.8008, 0.811
63.2198, 0.8132
63.6387, 0.8154
64.0309, 0.8154
64.4499, 0.8176
64.8689, 0.8199
65.2879, 0.8221
65.68, 0.8221
66.099, 0.8243
66.4912, 0.8243
66.9102, 0.8265
67.3024, 0.8265
67.7213, 0.8287
68.1135, 0.8287
68.5325, 0.8309
68.9247, 0.8309
69.3437, 0.8331
69.7359, 0.8331
70.1548, 0.8353
70.547, 0.8353
70.966, 0.8375
71.3582, 0.8375
71.7772, 0.8397
72.1694, 0.8397
72.5883, 0.8418
72.9805, 0.8418
73.3995, 0.8441
73.7917, 0.8441
74.2106, 0.8464
74.6028, 0.8464
75.0218, 0.8486
75.414, 0.8486
75.8062, 0.8486
76.2252, 0.8508
76.6174, 0.8508
77.0363, 0.853
77.4285, 0.853
77.8475, 0.8552
78.2397, 0.8552
78.6587, 0.8574
79.0508, 0.8574
79.4698, 0.8596
79.862, 0.8596
80.281, 0.8618
80.6732, 0.8618
81.0921, 0.8639
81.4843, 0.8639
81.8765, 0.8639
82.2955, 0.8662
82.6877, 0.8662
83.0799, 0.8662
83.4989, 0.8685
83.8911, 0.8685
84.2832, 0.8685
84.7022, 0.8707
85.0944, 0.8707
85.4866, 0.8707
85.8788, 0.8707
86.2978, 0.8729
86.69, 0.8729
87.0821, 0.8729
87.5011, 0.8751
87.8933, 0.8751
88.2854, 0.8751
88.7045, 0.8773
89.0967, 0.8773
89.4889, 0.8773
89.9078, 0.8795
90.3, 0.8795
90.6922, 0.8795
91.1112, 0.8817
91.5034, 0.8817
91.8956, 0.8817
92.2878, 0.8817
92.7067, 0.8839
93.0989, 0.8839
93.491, 0.8839
93.9101, 0.8862
94.3023, 0.8862
94.6945, 0.8862
95.1134, 0.8883
95.5056, 0.8883
95.8978, 0.8883
96.3168, 0.8906
96.709, 0.8906
97.1012, 0.8906
97.4934, 0.8906
97.9123, 0.8928
98.3045, 0.8928
98.6966, 0.8928
99.1157, 0.895
99.5079, 0.895
99.9001, 0.895
100.3191, 0.8972
100.7112, 0.8972
101.1034, 0.8972
101.5224, 0.8994
101.9146, 0.8994
102.3068, 0.8994
102.6989, 0.8994
103.0912, 0.8994
103.4834, 0.8994
103.9022, 0.9016
104.2945, 0.9016
104.6867, 0.9016
105.0789, 0.9017
105.4979, 0.9039
105.8901, 0.9039
106.2823, 0.9039
106.6745, 0.9039
107.0667, 0.9039
107.4588, 0.9039
107.851, 0.9039
108.27, 0.9061
108.6622, 0.9061
109.0544, 0.9061
109.4466, 0.9061
109.8388, 0.9061
110.231, 0.9061
110.6499, 0.9083
111.0421, 0.9083
111.4343, 0.9083
111.8265, 0.9083
112.2187, 0.9083
112.6109, 0.9083
113.0299, 0.9104
113.4221, 0.9104
113.8143, 0.9104
114.2064, 0.9104
114.5986, 0.9104
115.0176, 0.9127
115.4098, 0.9127
115.802, 0.9127
116.1942, 0.9127
116.5864, 0.9127
116.9786, 0.9127
117.3975, 0.915
117.7896, 0.915
118.1819, 0.915
118.5741, 0.915
118.9663, 0.915
119.3585, 0.915
119.7774, 0.9172
120.1697, 0.9172
120.5619, 0.9172
120.954, 0.9172
121.3462, 0.9172
121.7652, 0.9194
122.1574, 0.9194
122.5495, 0.9194
122.9418, 0.9194
123.334, 0.9194
123.7262, 0.9194
124.1451, 0.9216
124.5373, 0.9216
124.9295, 0.9216
125.3216, 0.9216
125.7139, 0.9216
126.1061, 0.9216
126.5251, 0.9238
126.9173, 0.9238
127.3094, 0.9238
127.7016, 0.9238
128.0937, 0.9238
128.5128, 0.9261
128.905, 0.9261
129.2972, 0.9261
129.6894, 0.9261
130.0816, 0.9261
130.4738, 0.9261
130.866, 0.9261
131.2582, 0.9261
131.6503, 0.9261
132.0425, 0.9261
132.4615, 0.9283
132.8537, 0.9283
133.2459, 0.9283
133.6381, 0.9283
134.0303, 0.9283
134.4224, 0.9283
134.8147, 0.9283
135.2069, 0.9283
135.599, 0.9283
136.018, 0.9304
136.4102, 0.9304
136.8024, 0.9304
137.1945, 0.9304
137.5868, 0.9304
137.979, 0.9304
138.3712, 0.9304
138.7633, 0.9304
139.1555, 0.9304
139.5476, 0.9304
139.9667, 0.9327
140.3589, 0.9327
140.7511, 0.9327
141.1433, 0.9327
141.5354, 0.9327
141.9277, 0.9327
142.3199, 0.9327
142.7121, 0.9327
143.1042, 0.9327
143.5232, 0.935
143.9154, 0.935
144.3075, 0.935
144.6998, 0.935
145.092, 0.935
145.4842, 0.935
145.8763, 0.935
146.2686, 0.935
146.6608, 0.935
147.0529, 0.935
147.4719, 0.9372
147.8641, 0.9372
148.2563, 0.9372
148.6484, 0.9372
149.0407, 0.9372
149.4329, 0.9372
149.8251, 0.9372
150.2173, 0.9372
150.6095, 0.9372
151.0284, 0.9394
151.4205, 0.9394
151.8128, 0.9394
152.205, 0.9394
152.5972, 0.9394
152.9893, 0.9394
153.3816, 0.9395
153.7738, 0.9395
154.166, 0.9395
154.5582, 0.9395
154.9771, 0.9417
155.3693, 0.9417
155.7614, 0.9417
156.1537, 0.9417
156.5459, 0.9417
156.9381, 0.9417
157.3303, 0.9417
157.7225, 0.9417
158.1147, 0.9417
158.5335, 0.9439
158.9258, 0.9439
159.318, 0.9439
159.7102, 0.9439
160.1024, 0.9439
160.4946, 0.9439
160.8868, 0.9439
161.279, 0.9439
161.6712, 0.9439
162.0634, 0.9439
162.4555, 0.9439
162.8477, 0.9439
163.2399, 0.9439
163.6589, 0.9461
164.0511, 0.9461
164.4433, 0.9461
164.8355, 0.9461
165.2277, 0.9461
165.6199, 0.9461
166.0121, 0.9462
166.4042, 0.9462
166.7964, 0.9462
167.1886, 0.9462
167.5808, 0.9462
167.9729, 0.9462
168.3652, 0.9462
168.7574, 0.9462
169.1496, 0.9462
169.5417, 0.9462
169.9607, 0.9484
170.3529, 0.9484
170.745, 0.9484
171.1373, 0.9484
171.5295, 0.9484
171.9217, 0.9484
172.3139, 0.9484
172.7061, 0.9484
173.0983, 0.9484
173.4905, 0.9484
173.8827, 0.9484
174.2749, 0.9484
174.6671, 0.9484
175.0592, 0.9484
175.4514, 0.9484
175.8436, 0.9484
176.2626, 0.9506
176.6548, 0.9506
177.047, 0.9506
177.4392, 0.9506
177.8314, 0.9506
178.2236, 0.9506
178.6158, 0.9506
179.0079, 0.9506
179.4001, 0.9506
179.7923, 0.9506
180.1844, 0.9506
180.5767, 0.9506
180.9689, 0.9506
181.3611, 0.9506
181.7532, 0.9506
182.1455, 0.9506
182.5645, 0.9529
182.9566, 0.9529
183.3488, 0.9529
183.741, 0.9529
184.1332, 0.9529
184.5253, 0.9529
184.9176, 0.9529
185.3098, 0.9529
185.702, 0.9529
186.0942, 0.9529
186.4864, 0.9529
186.8786, 0.9529
187.2708, 0.9529
187.6629, 0.9529
188.0551, 0.9529
188.4473, 0.9529
188.8662, 0.955
189.2585, 0.955
189.6507, 0.955
190.0429, 0.955
190.4351, 0.955
190.8273, 0.955
191.2195, 0.955
191.6116, 0.9552
192.0038, 0.9552
192.396, 0.9552
192.7882, 0.9552
193.1804, 0.9552
193.5726, 0.9552
193.9647, 0.9552
194.357, 0.9552
194.7492, 0.9552
195.1682, 0.9574
195.5603, 0.9574
195.9525, 0.9574
196.3447, 0.9574
196.7368, 0.9574
197.1291, 0.9574
197.5213, 0.9574
197.9135, 0.9574
198.3057, 0.9574
198.6979, 0.9574
199.0901, 0.9574
199.4823, 0.9574
199.8745, 0.9574
200.2666, 0.9574
200.6588, 0.9574
201.051, 0.9574
201.47, 0.9596
201.8622, 0.9596
202.2544, 0.9596
202.6465, 0.9596
203.0388, 0.9596
203.431, 0.9596
203.8232, 0.9596
204.2153, 0.9596
204.6075, 0.9597
204.9997, 0.9597
205.3919, 0.9597
205.7841, 0.9597
206.1763, 0.9597
206.5685, 0.9597
206.9607, 0.9597
207.3529, 0.9597
207.745, 0.9597
208.1373, 0.9597
208.5295, 0.9597
208.9216, 0.9597
209.3138, 0.9597
209.706, 0.9597
210.0982, 0.9597
210.4904, 0.9597
210.9094, 0.9619
211.3016, 0.9619
211.6938, 0.9619
212.086, 0.9619
212.4782, 0.9619
212.8702, 0.9619
213.2625, 0.9619
213.6547, 0.9619
214.0469, 0.9619
214.4391, 0.9619
214.8313, 0.9619
215.2235, 0.9619
215.6157, 0.9619
216.0079, 0.9619
216.4001, 0.9619
216.7923, 0.9619
217.1844, 0.9619
217.5766, 0.9619
217.9687, 0.962
218.361, 0.962
218.7532, 0.962
219.1454, 0.962
219.5375, 0.962
219.9298, 0.962
220.322, 0.962
220.7142, 0.962
221.1064, 0.962
221.4986, 0.962
221.9175, 0.9642
222.3096, 0.9642
222.7019, 0.9642
223.0941, 0.9642
223.4863, 0.9642
223.8784, 0.9642
224.2707, 0.9642
224.6629, 0.9642
225.0551, 0.9642
225.4473, 0.9642
225.8395, 0.9642
226.2316, 0.9642
226.6238, 0.9642
227.016, 0.9642
227.4082, 0.9642
227.8004, 0.9642
228.1926, 0.9642
228.5848, 0.9642
228.9769, 0.9642
229.3692, 0.9642
229.7614, 0.9642
230.1536, 0.9642
230.5457, 0.9642
230.9379, 0.9643
231.3301, 0.9643
231.7223, 0.9643
232.1145, 0.9643
232.5335, 0.9665
232.9257, 0.9665
233.3179, 0.9665
233.7101, 0.9665
234.1023, 0.9665
234.4945, 0.9665
234.8866, 0.9665
235.2788, 0.9665
235.671, 0.9665
236.0632, 0.9665
236.4554, 0.9665
236.8476, 0.9665
237.2398, 0.9665
237.632, 0.9665
238.0242, 0.9665
238.4163, 0.9665
238.8086, 0.9665
239.2008, 0.9665
239.5929, 0.9665
239.9851, 0.9665
240.3773, 0.9665
240.7694, 0.9665
241.1617, 0.9665
241.5539, 0.9665
241.9461, 0.9665
242.3383, 0.9665
242.7305, 0.9665
243.1227, 0.9665
243.5415, 0.9687
243.9338, 0.9687
244.326, 0.9687
244.7182, 0.9687
245.1104, 0.9687
245.5026, 0.9687
245.8948, 0.9687
246.287, 0.9687
246.6792, 0.9687
247.0714, 0.9687
247.4636, 0.9687
247.8558, 0.9687
248.248, 0.9687
248.6401, 0.9687
249.0323, 0.9687
249.4245, 0.9687
249.8167, 0.9687
250.2089, 0.9687
250.6011, 0.9687
250.9933, 0.9687
251.3855, 0.9687
251.7776, 0.9687
252.1699, 0.9687
252.5621, 0.9687
252.9543, 0.9687
253.3464, 0.9687
253.7386, 0.9687
254.1576, 0.971
254.5497, 0.971
254.942, 0.971
255.3342, 0.971
255.7264, 0.971
256.1186, 0.971
256.5108, 0.971
256.903, 0.971
257.2951, 0.971
257.6873, 0.971
258.0795, 0.971
258.4717, 0.971
258.8639, 0.971
259.2561, 0.971
259.6482, 0.971
260.0405, 0.971
260.4327, 0.971
260.8249, 0.971
261.2171, 0.971
261.6093, 0.971
262.0014, 0.971
262.3936, 0.971
262.7858, 0.971
263.178, 0.971
263.5702, 0.971
263.9624, 0.971
264.3546, 0.971
264.7468, 0.971
265.139, 0.971
265.5312, 0.971
265.9234, 0.971
266.3155, 0.971
266.7077, 0.971
267.0999, 0.971
267.4921, 0.971
267.8843, 0.971
268.2765, 0.971
268.6686, 0.971
269.0609, 0.971
269.4531, 0.971
269.8453, 0.971
270.2375, 0.971
270.6564, 0.9734
271.0486, 0.9734
271.4408, 0.9734
271.833, 0.9734
272.2252, 0.9734
272.6174, 0.9734
273.0096, 0.9734
273.4018, 0.9734
273.794, 0.9734
274.1862, 0.9734
274.5784, 0.9734
274.9706, 0.9734
275.3627, 0.9734
275.7549, 0.9734
276.1471, 0.9734
276.5393, 0.9734
276.9315, 0.9734
277.3237, 0.9734
277.7159, 0.9734
278.1081, 0.9734
278.5003, 0.9734
278.8925, 0.9734
279.2847, 0.9734
279.6768, 0.9734
280.0691, 0.9734
280.4612, 0.9734
280.8534, 0.9734
281.2456, 0.9734
281.6378, 0.9734
282.03, 0.9734
282.4222, 0.9734
282.8144, 0.9734
283.2066, 0.9734
283.5988, 0.9734
283.991, 0.9735
284.3832, 0.9735
284.7753, 0.9735
285.1675, 0.9735
285.5596, 0.9735
285.9519, 0.9735
286.3441, 0.9735
286.7363, 0.9735
287.1285, 0.9735
287.5207, 0.9735
287.9129, 0.9735
288.3051, 0.9735
288.6973, 0.9735
289.1162, 0.9757
289.5084, 0.9757
289.9005, 0.9757
290.2928, 0.9757
290.685, 0.9757
291.0772, 0.9757
291.4694, 0.9757
291.8616, 0.9757
292.2538, 0.9757
292.646, 0.9757
293.0382, 0.9757
293.4304, 0.9757
293.8225, 0.9757
294.2147, 0.9757
294.6069, 0.9757
294.999, 0.9757
295.3913, 0.9757
295.7835, 0.9757
296.1757, 0.9757
296.5678, 0.9757
296.9601, 0.9757
297.3523, 0.9758
297.7445, 0.9758
298.1367, 0.9758
298.5288, 0.9758
298.921, 0.9758
299.3132, 0.9758
299.7054, 0.9758
300.0976, 0.9758
300.4898, 0.9758
300.882, 0.9758
301.2742, 0.9758
301.6663, 0.9758
302.0586, 0.9758
302.4508, 0.9758
302.843, 0.9758
303.2352, 0.9758
303.6273, 0.9758
304.0195, 0.9758
304.4117, 0.9758
304.8039, 0.9758
305.1961, 0.9758
305.5883, 0.9758
305.9805, 0.9758
306.3727, 0.9758
306.7649, 0.9758
307.1571, 0.9758
307.576, 0.978
307.9682, 0.978
308.3604, 0.978
308.7526, 0.978
309.1448, 0.978
309.537, 0.978
309.9292, 0.978
310.3214, 0.978
310.7136, 0.9781
311.1058, 0.9781
311.498, 0.9781
311.8902, 0.9781
312.2823, 0.9781
312.6745, 0.9781
313.0667, 0.9781
313.4588, 0.9781
313.8511, 0.9781
314.2433, 0.9781
314.6355, 0.9781
315.0277, 0.9781
315.4199, 0.9781
315.8121, 0.9781
316.2043, 0.9781
316.5965, 0.9781
316.9886, 0.9781
317.3808, 0.9781
317.773, 0.9781
318.1652, 0.9781
318.5574, 0.9781
318.9496, 0.9781
319.3418, 0.9781
319.734, 0.9781
320.1262, 0.9781
320.5184, 0.9781
320.9106, 0.9781
321.3028, 0.9781
321.6949, 0.9781
322.0871, 0.9781
322.4793, 0.9781
322.8715, 0.9781
323.2637, 0.9781
323.6559, 0.9781
324.0481, 0.9782
324.4403, 0.9782
324.8325, 0.9782
325.2247, 0.9782
325.6436, 0.9804
326.0358, 0.9804
